100318079
10146102
101859065
101903164
102765423
102903198
103431502
103865085
103991905
104324908
104615636
1046661
104991493
105150583
105398724
105918870
107172099
107418464
107511013
107512718
107516840
10798802
108159877
108205076
10985532
11027262
110536616
110755733
111045742
11136132
111374622
112628165
113196940
11348282
11348722
113509970
114115460
114885421
115221382
115911638
116388817
116798290
116808228
11681802
117029850
117671022
117800618
117809922
11784842
11828432
11928542
119897041
120157205
120459837
120679977
12069912
120971873
121202578
121258930
12152402
121569946
121685268
122216533
123287376
123684709
1239671
12415722
124296976
124474025
125098615
12570812
126067398
1271901
12771872
127912925
128135741
12831
129093262
129984134
130734452
13179562
13212502
132519763
13274152
13275962
13317162
133663120
134208594
13460312
134943586
135397331
135605269
135704499
135895585
136341512
13649212
1367531
137046366
13747362
137527381
13809612
13811562
13837812
13872872
14045302
14058831
14060856
14077024
14120151
14120253
14129601
141341662
14134942
14147754
141488457
14150874
14191254
14199378
14203895
1422311
14256927
14313005
143172151
14327149
14332288
143344048
14338082
14353392
1435461
14365883
143661263
14371740
14372486
14372763
14404235
144211337
14422788
14426892
144723379
14505838
14521330
14528221
14550962
14555534
145573135
14618160
14630490
14677919
14711172
14719129
14755105
14791232
14794851
14807093
14827526
14836915
14838506
14840869
14843763
14848513
14849487
148519842
14869783
14893314
14917050
14922225
14936377
14957252
14984096
15001424
15012486
150402542
15053535
15070932
15099384
151175266
151246522
15129912
151495845
15164892
152062126
15208246
152388029
152435436
15292446
153245741
15329577
15331855
15335809
15347317
15419775
15420650
15445811
154648125
154701532
15473958
15477120
15481789
1548841
15507297
15527013
15533771
155661154
155689319
15589323
155976326
15642031
15647676
15665127
15706128
15741636
157488488
15797184
158414847
158419434
15849055
15859268
15864197
158874150
15924858
15938936
15944663
15947217
159588456
159629146
15977848
15989218
160237722
16027078
160839015
1608991
16105942
16183380
16193542
16212913
16234125
16247469
16263665
16279105
16285517
16297193
16305227
163374693
163491360
163629705
163674521
16421962
16437633
16465113
16476088
16505296
165580617
165598423
165786567
16591188
16606585
16610683
16613128
16616109
166214735
166252256
16652550
16674149
16685316
16726878
16734718
16790036
167901620
16809036
168224294
16824073
16834201
16840742
168537920
16869298
16878507
169216507
169780164
16987303
170167167
17022544
17045060
170729553
17111909
171202083
17135931
17137927
171536167
17384099
17396702
17403755
17421011
174285878
17503591
175529494
175553601
17561785
17600223
17602896
17627996
176310143
17636894
17658786
176589903
176872879
176936249
17714569
17723880
1775731
17767841
17770689
17787399
17797990
17822419
17866414
17874544
179065820
17912917
179138862
17918629
17922109
180540375
18068719
18069824
18119683
18135029
18191231
18201401
18226205
18252740
182609394
18270489
18278524
18338485
18374320
183786731
184391654
184594566
18470775
18472735
184755890
18481292
18483115
18486243
18486881
18496986
18534908
185512077
18558612
18571832
18594420
18630326
186354564
18665800
18681592
18687625
18690700
186909156
18718580
18731347
18734310
187569483
187744415
187773078
18788502
188102842
18836167
18846990
18886852
18895362
189111957
18917716
18923866
189253902
18951737
18957524
189592841
189875309
18988524
18996905
190138306
19064433
190696559
19110632
19136295
191896931
191916463
191924526
19208450
19213083
19225156
19283723
19299909
19380307
19454519
19492215
195475105
19563357
19658936
19668026
196926575
19725644
197577781
197602850
19760380
197731654
197903282
198327282
198370650
198628427
198941747
19898730
199039532
19933035
19948202
199483163
19976791
200214366
200494218
20060293
20119746
20179628
202114894
202195505
202346485
2029971
20319646
20347014
203868162
204145356
20436059
20446839
204646586
20495756
20561154
20689206
206923844
20758393
207594668
207936757
20950208
2097571
20999409
21028234
21061498
21077642
21094279
21132431
211547273
211933541
21222922
212642904
212718048
21318259
21337501
21339164
21363077
21364753
21391704
21415375
21420959
21437537
215328630
21578499
215824411
21648994
216843160
21731779
21735280
217796457
21816783
219365298
22106463
22121627
222090651
22252971
224581852
225302763
2257971
22745706
22751884
227650565
227785045
228270980
22863638
22879382
22915745
229425177
22954430
22958268
22970486
229741646
22977196
229969377
230601773
230880104
232006900
232706326
23334169
233598791
234169190
23469247
23503181
235219400
2363991
237019614
237049769
23742633
23759573
237845487
23790454
238264600
23889102
239141315
239434259
240740059
24117694
241635675
242013901
242024994
242073660
242479442
243267948
24479656
24541192
24542441
245639401
24636631
24815332
248224845
248523038
248883350
248916246
24903302
24907197
249829509
249831237
250340951
250447400
250900294
25179170
252415267
253360762
25344777
253751053
253863144
254883790
255790981
25649234
256497288
25650268
25755158
2576401
258145892
258447233
2589521
258955239
259288589
259365099
259884200
26083291
26103051
261973875
262310943
26234692
26286713
263224927
26335321
26346966
265077741
26585095
26604704
266464616
267383914
268425888
269485905
269559495
26961048
275686563
27595997
276128869
276843589
278181157
278311152
27853708
279854450
280329780
28205087
283732062
2841151
28490110
285287229
28628055
287519521
2890961
289738351
290092792
29016037
29034979
291403100
292560337
29357507
29514951
296218728
297985585
298038575
30031265
300842571
30096240
301297627
30207757
30310904
30313925
30345417
303886358
30393917
306445007
307458983
307478701
308220010
30824363
309096216
30970675
311227912
31153819
31179985
312284236
31246395
312805417
31313454
31317273
313359626
314038032
314316607
31457243
31464977
31477674
315418321
31610343
31631020
317313520
318760490
31949053
320527944
321620987
321652589
32289713
324201646
3245291
324544865
3253671
32547856
32574761
326259198
33060624
33080832
33097148
333021748
3338681
333881828
333966373
33511585
33612973
33617320
336463060
33794839
338017544
33806113
33868543
34242979
34416153
344966590
345569115
34805698
348851602
35012277
35012599
351092905
35166642
353767514
35432497
355823615
356897757
356963
35726059
358845982
35926608
359791673
360025190
360210947
364664695
36475508
36544954
36618690
36629388
368018677
36836787
36953510
37103386
37112942
37170886
37201612
372765570
374007416
37723441
377662213
37792861
378494343
37899473
37977732
37992666
38108292
381688396
382110320
384685422
384761809
38703025
38761811
39070445
39157827
39322973
396721965
39695043
397688944
398994309
40022380
400867704
402970625
40564708
40580577
40705032
407769660
40777046
40813518
40818894
40981798
414334713
41945050
42098834
423567032
42522911
4258591
42676302
428333
42912024
43003845
430313102
43194901
434433610
43540843
437300342
43858661
4387041
441252694
44130462
44257374
44394333
44524106
44666348
45145944
45310286
45333725
45690012
45753733
45857296
46160500
46533358
47359057
47673661
477094958
47854857
48132655
48436259
484991854
48730516
49098552
49253437
493138720
49414491
494538543
49536244
50145896
50189671
51694885
51775432
521489919
52330027
52405864
52442002
52498113
52772629
528575851
53235381
532617990
53685618
54107218
54168315
54178513
54226675
54331626
54460963
54695584
5471892
54791004
549089429
55019615
5506012
5539522
55928029
5747502
5773532
5774432
57828817
58427526
58525541
58641627
5868402
58930815
59359628
59588845
59676554
6018292
61086747
61158706
612473
61311054
613313
6165372
61781462
61890555
623623
6253282
62609430
62740714
62759402
6297852
62985251
629863
63084853
63207451
6351572
63787760
6408382
64253854
64441390
64496469
64508047
64619842
64931560
65185224
65357070
65360846
66100530
66136244
66185823
6650612
66761133
66804457
66841215
67378554
68179571
68257605
68480165
68732646
69049114
69193714
69548480
69624952
70123665
70160230
70492333
70620846
7098022
71091272
7144422
72339761
73024519
73025843
73298877
73443014
734493
73707412
73738774
742143
7424642
74264908
745823
74651704
7517222
75321229
75343905
75370828
759679
7668362
7670202
7682452
77404713
77843323
778446
779715
78138151
78391198
7861312
7875912
78813
7888452
7890392
789071
78944566
790205
79797834
80297299
80317145
80479756
80660928
80681990
80688804
8079892
809864
81938351
819800
82726142
83048001
83285096
83478370
83883736
84114921
84473837
85432934
85716069
86560711
86664924
86775971
86799233
87004822
87114066
87525002
8768832
87771546
87798068
88456842
88639412
88931752
89032548
8914942
89826562
90072587
90880254
90998968
91067832
9215692
9254272
926981
92715435
9298152
93006320
93787797
93906304
93998005
94147192
94480069
9460682
94915681
9524062
96483973
96545499
96843721
96907622
98345808
9855382
98633794
98801140
99841247
