2206	2266	2233	2078	2218	2464	2123	2340	2244	2240	2507	2410	2229	1993	2131	2220	2088	2309	2604	2073	2142	1985	2188	2090	2201	2590	2369	1943	2059	2560	2607	2150	2586	2118	2602	1946	1938	2172	1962	2611	2331	2030	1983	2601	2324	1917	2564	2625	2275	2290	2428	2593	2064	2615	2184	2624	2103	2326	2542	2139	2414	2104	2323	2500	2271	2395	2093	2409	2354	2492	2347	2381	1984	2356	2376	2600	2630	1971	2045	2339	2043	2140	2526	2553	2655	2374	2124	1979	2460	2352	2638	2033	2190	2363	2108	2578	2278	2200	2559	2520	2074	2069	1966	2549	2020	2619	2121	2370	2550	2482	2423	2446	2404	2154	1918	2308	2543	2112	2253	2037	2408	1929	2573	2299	2348	2005	2561	2551	2276	2654	2257	2095	2433	2504	2359	2040	2122	1986	2430	2083	2307	2521	2212	2386	2495	2546	2539	2063	2469	2086	2485	2468	1997	2115	2575	2109	2216	2646	2556	2261	2467	2165	2077	2046	2484	2623	2334	2084	2329	1953	2237	1925	2506	2579	2098	2418	2306	2552	2631	2477	2563	2532	2489	1941	2213	2574	2300	2060	2591	2554	2179	2210	2056	2462	2407	2392	2164	1989	1963	2353	2499	
1577	2111	2187	2598	2087	2384	2283	2153	2081	2336	2199	1945	2032	2555	2138	2543	2068	2224	2183	2047	2054	2510	2071	2292	2102	2279	2463	2629	2471	2007	2149	2302	2333	2347	2649	2289	2282	1920	2328	2241	2567	2319	2039	2461	1941	2196	2125	2133	2351	2180	1948	2117	2491	2592	2028	2338	2194	2052	2169	2223	2174	2643	2372	2597	2511	1718	2127	2582	2247	1932	2042	1465	2533	2332	2268	2398	2250	2508	2436	2148	1940	2135	2191	1959	2509	2273	2475	1926	2588	2203	2151	2642	2053	2010	2038	2294	2143	2516	2616	2134	2072	2420	2246	2189	1955	2512	2144	2343	2254	2176	2498	2327	136	2589	2451	2617	2315	2419	2653	2344	2608	2267	1954	2002	2445	2458	1994	2472	1947	2026	2128	1916	2368	2377	2465	2594	2385	2215	2264	2293	2417	2285	2609	2399	2198	
1947	2072	2161	2438	2384	2054	2333	2199	2509	2434	2111	2344	2282	2396	2081	2394	2235	2511	2327	2537	2328	2132	2617	1939	2101	2243	2603	1981	2652	2390	2451	2075	2280	2294	2003	2479	2053	1970	1959	2458	2501	2377	2062	2415	2222	2304	2110	2221	2274	2399	2608	2592	2594	2026	2432	2283	
2620	1935	2061	1919	2657	2159	2006	1973	2659	2627	2585	1931	1980	1951	2202	2633	1927	2658	2364	1957	2648	1972	2284	1914	2097	2025	2225	2365	1921	2626	2171	2022	2640	1995	1991	2660	2001	2011	2346	1968	2192	2647	2024	2297	1954	2538	2645	2004	2583	1958	1998	1999	2143	2636	
2171	2378	1995	2018	2027	1951	1998	2538	2447	2116	2364	2001	1972	2157	2645	2640	2024	2337	2009	2365	2639	2004	136	2583	2284	2647	2459	2494	1991	1973	1976	2000	2636	2435	2268	1927	2022	1980	2050	1928	1999	1914	2648	2192	2011	1958	2225	2006	2660	2297	2012	
1964	2047	2325	2211	2133	2289	2031	2176	1923	2038	2642	2610	1926	2318	2416	2209	2419	2226	2406	2525	2637	2242	2425	2145	2296	1944	2366	2232	2557	2272	2362	2612	2117	2367	2141	2322	2566	2480	2345	2155	2214	2036	2310	2085	2174	2473	2498	2186	2029	2379	
2126	1960	2231	2361	1975	2371	2107	2129	2488	2049	2440	2335	2317	2091	2412	2397	2236	2628	2047	2341	2035	2146	2228	2644	2570	2411	2497	2173	2474	2313	2286	2448	2587	2089	2403	2023	2156	2197	1936	1964	2322	2160	2260	2120	1922	2534	2577	2405	1990	2618	2181	2248	2503	2314	2659	2342	2152	1978	2119	2455	2162	2540	2082	2562	2070	
2449	2478	2266	2387	2067	2189	2393	2234	2147	2092	1942	2391	2300	2044	2056	2526	2476	2142	2429	2303	2611	1988	2007	2443	2207	2019	2084	1983	2622	2401	2512	2037	2576	2170	2349	2650	2486	2426	2288	2454	2334	2499	2058	2320	2584	2076	2444	2427	1992	2490	2513	2262	2350	
2355	2128	2400	2531	2616	2389	2529	1913	2384	2203	2413	2116	2312	2250	2127	2102	2610	2319	1577	2535	
2313	2558	2614	2450	2217	2342	2113	2439	2051	2618	2448	2548	2581	2041	2632	
